160.0138358941894
160.0138358941894
160.0138358941894
1101.6584208734894
1101.6584208734894
1101.6584208734894
1101.6584208734894
1101.6584208734894
1101.6584208734894
1101.6584208734894
1101.6584208734894
1101.6584208734894
1101.6584208734894
304.05773461740824
1101.6584208734894
1101.6584208734894
1101.6584208734894
1065.1963478617258
304.05773461740824
304.05773461740824
304.05773461740824
455.5520501234062
455.5520501234062
455.5520501234062
455.5520501234062
455.5520501234062
455.5520501234062
455.5520501234062
455.5520501234062
455.5520501234062
455.5520501234062
455.5520501234062
455.5520501234062
455.5520501234062
455.5520501234062
455.5520501234062
455.5520501234062
455.5520501234062
455.5520501234062
455.5520501234062
455.5520501234062
455.5520501234062
455.5520501234062
455.5520501234062
1315.9968298254112
1315.9968298254112
1315.9968298254112
373.8101463863238
373.8101463863238
373.8101463863238
373.8101463863238
373.8101463863238
373.8101463863238
373.8101463863238
373.8101463863238
373.8101463863238
373.8101463863238
373.8101463863238
373.8101463863238
373.8101463863238
373.8101463863238
373.8101463863238
373.8101463863238
373.8101463863238
373.8101463863238
373.8101463863238
373.8101463863238
373.8101463863238
373.8101463863238
373.8101463863238
373.8101463863238
373.8101463863238
373.8101463863238
373.8101463863238
373.8101463863238
373.8101463863238
373.8101463863238
373.8101463863238
373.8101463863238
373.8101463863238
378.3284228819427
378.3284228819427
1065.1963478617258
1065.1963478617258
1065.1963478617258
378.3284228819427
1065.1963478617258
610.0079945051707
610.0079945051707
273.2594267422835
273.2594267422835
273.2594267422835
273.2594267422835
273.2594267422835
273.2594267422835
273.2594267422835
273.2594267422835
273.2594267422835
160.0138358941894
160.0138358941894
